0 0
1 0
2 0
3 0
4 0
5 0
6 0
7 0
8 0
9 0
10 0
11 0
12 0
13 0
14 0
15 0
16 0
17 0
18 0
19 0
20 0
21 0
22 0
23 0
24 0
25 0
26 0
27 0
28 216
29 0
30 0
31 0
32 0
33 215
34 215
35 215
36 217
37 0
38 215
39 213
40 215
41 217
42 215
43 215
44 212
45 210
46 212
47 0
48 0
49 0
50 0
51 0
52 0
53 207
54 0
55 0
56 208
57 0
58 208
59 0
60 0
61 0
62 0
63 0
64 206
65 0
66 0
67 0
68 0
69 0
70 0
71 0
72 210
73 0
74 210
75 0
76 0
77 0
78 0
79 0
80 0
81 0
82 212
83 0
84 0
85 0
86 0
87 0
88 0
89 0
90 212
91 0
92 0
93 0
94 0
95 0
96 0
97 214
98 0
99 0
100 0
101 0
102 213
103 0
104 0
105 0
106 0
107 0
108 0
109 0
110 0
111 0
112 215
